%YAML:1.0
H: !!opencv-matrix
   rows: 3
   cols: 3
   dt: f
   data: [ -1.05314980e+01, 5.30583620e+00, 3.22413483e+02,
       3.41341466e-01, -4.64363909e+00, 2.49647736e+02, 1.40558509e-03,
       1.72099415e-02, -12. ]
